447801801456
447801007959
447803000684
447801801262
447801800254
447521000109
447521000276
447521000437
447521000516
447521000775
447521000859
447521001000
447521001042
447521001048
447521001050
447521001053
447521001054
447521001056
447521001057
447521001059
447521001061
447521001063
447521001071
447521001075
447521001085
447521001087
447521001090
447521001146
447521001176
447521001335
447521001798
447521001919
447521002218
447521002308
447521002321
447521002395
447521002642
447521002718
447521002721
447521002723
447521002727
447521002865
447521002867
447521002870
447521002871
447521002872
447521002879
447521002910
447521003202
447521003900
447521004423
447521005140
447521005267
447521005802
447521005881
447521005883
447521005890
447521005896
447521005936
447521005940
447521005941
447521005972
447521005973
447521005993
447521006056
447521006127
447521006138
447521006144
447521006193
447521006201
447521006217
447521006229
447521006234
447521006237
447521006240
447521006345
447521006457
447521006806
447521006824
447521006864
447521006921
447521006959
447521006967
447521006991
447521006994
447521006999
447521007006
447521007012
447521007018
447521007028
447521007039
447521007049
447521007053
447521007064
447521007066
447521007069
447521007072
447521007076
447521007080
447521007096
447521007097
447521007100
447521007136
447521007143
447521007146
447521007148
447521007150
447521007152
447521007154
447521007157
447521007160
447521007161
447521007163
447521007171
447521007176
447521007185
447521007217
447521007221
447521007247
447521007255
447521007260
447521007359
447521007387
447521007393
447521007440
447521007457
447521007466
447521007487
447521007491
447521007536
447521007537
447521007555
447521007556
447521007563
447521007585
447521007626
447521007638
447521007655
447521007680
447521007681
447521007684
447521007685
447521007687
447521100015
447521100043
447521100054
447521100058
447521100084
447521100110
447521100127
447521100149
447521100220
447521100222
447521100226
447521100227
447521100241
447521100276
447521100346
447521100507
447521100510
447521100511
447521100592
447521100850
447521100887
447521100888
447521100907
447521100910
447521100967
447521101029
447521101571
447521101580
447521101762
447521101787
447521101788
447521103069
447521103111
447521103112
447521103113
447521103118
447521103128
447521103138
447521103203
447521103205
447521103225
447521103358
447521103485
447521103648
447521103696
447521103941
447521104067
447521104648
447521104652
447521104662
447521104666
447521104667
447521104689
447521104692
447521104694
447521104703
447521105011
447521105062
447521106296
447521106297
447521106298
447521106835
447521107295
447521107510
447521107580
447521107833
447521107975
447521108006
447521108013
447521108174
447521108708
447521108724
447521108738
447521108742
447521109033
447521109162
447521109471
447521109492
447521109780
447521109782
447521109788
447521109791
447521109793
447521109795
447521109796
447521109797
447521109798
447521109800
447521109805
447521109806
447521109810
447521109813
447521109815
447521109816
447521109818
447521109820
447521109822
447521109824
447521109828
447521109829
447521109830
447521109831
447521109832
447521109837
447521109838
447521109840
447521109841
447521109843
447521109846
447521109847
447521109849
447521109852
447521109853
447521109855
447521109856
447521109857
447521109860
447521109862
447521109863
447521109864
447521109866
447521109867
447521109869
447521109876
447521109878
447521109881
447521109884
447521109886
447521109893
447521109902
447521109903
447521109911
447521109914
447521109915
447521109918
447521109921
447521109922
447521109923
447521109924
447521109929
447521109930
447521109932
447521109934
447521109939
447521109946
447521109948
447521109951
447521109953
447521109954
447521109958
447521109961
447521109969
447521109971
447521109979
447521109989
447521109994
447521110027
447521110039
447521110041
447521110115
447521110120
447521110122
447521110125
447521110141
447521110157
447521110161
447521110167
447521110184
447521110216
447521110241
447521110256
447521110269
447521110282
447521110294
447521110311
447521110342
447521110345
447521110352
447521110364
447521110391
447521110406
447521110414
447521110415
447521110418
447521110428
447521110434
447521110439
447521110443
447521110480
447521110493
447521110498
447521110507
447521110513
447521110517
447521110561
447521110606
447521110617
447521110621
447521110637
447521110642
447521110644
447521110652
447521110656
447521110660
447521110665
447521110685
447521110693
447521110700
447521110739
447521110744
447521110750
447521110762
447521110766
447521110771
447521110776
447521110781
447521110782
447521110798
447521110805
447521110810
447521110811
447521110819
447521110821
447521110824
447521110828
447521110829
447521110833
447521110857
447521110863
447521110881
447521110885
447521110890
447521110892
447521110904
447521110905
447521110910
447521110928
447521110930
447521110937
447521110943
447521110957
447521111236
447521111270
447521111402
447521111424
447521111450
447521111456
447521111467
447521111483
447521111554
447521111555
447521111586
447521111588
447521111594
447521111612
447521111618
447521111621
447521111633
447521111654
447521111668
447521111681
447521111685
447521111709
447521111717
447521111719
447521111728
447521111740
447521111746
447521111749
447521111751
447521111754
447521111755
447521111762
447521111774
447521111777
447521111784
447521111790
447521111812
447521111871
447521111872
447521111906
447521111933
447521111937
447521111951
447521111963
447521111967
447521111980
447521112064
447521112078
447521112081
447521112090
447521112093
447521112098
447521112149
447521112161
447521112201
447521112230
447521112236
447521112244
447521112245
447521112271
447521112285
447521112289
447521112295
447521112325
447521112333
447521112388
447521112392
447521112423
447521112437
447521112446
447521112469
447521112485
447521112493
447521112519
447521112560
447521112573
447521112576
447521112619
447521112627
447521112640
447521112678
447521112683
447521112684
447521112736
447521112751
447521112754
447521112779
447521112799
447521112803
447521112820
447521112827
447521112840
447521112844
447521112868
447521112914
447521112915
447521112925
447521112966
447521112976
447521112994
447521113022
447521113027
447521113042
447521113082
447521113084
447521113261
447521113439
447521113618
447521113723
447521113828
447521113850
447521113880
447521113881
447521113884
447521113887
447521113911
447521113915
447521113935
447521113953
447521113954
447521113967
447521113969
447521113984
447521113996
447521113999
447521114000
447521114001
447521114010
447521114011
447521114018
447521114020
447521114025
447521114031
447521114033
447521114054
447521114079
447521114097
447521114104
447521114105
447521114113
447521114124
447521114136
447521114139
447521114141
447521114174
447521114183
447521114284
447521114298
447521114309
447521114329
447521114349
447521114351
447521114358
447521114378
447521114397
447521114401
447521114406
447521114410
447521114416
447521114422
447521114425
447521114428
447521114434
447521114440
447521114441
447521114445
447521114446
447521114453
447521114454
447521114468
447521114470
447521114471
447521114490
447521114494
447521114501
447521114503
447521114514
447521114515
447521114519
447521114526
447521114540
447521114544
447521114546
447521114564
447521114566
447521114567
447521114568
447521114572
447521114577
447521114582
447521114583
447521114593
447521114596
447521114598
447521114601
447521114605
447521114612
447521114618
447521114623
447521114627
447521114632
447521114636
447521114637
447521114649
447521114651
447521114655
447521114660
447521114661
447521114662
447521114669
447521114674
447521114686
447521114695
447521114702
447521114710
447521114717
447521114725
447521114726
447521114751
447521114776
447521114782
447521114786
447521114812
447521114819
447521114824
447521114829
447521114831
447521114852
447521114858
447521114868
447521114878
447521114879
447521114899
447521114921
447521114927
447521114928
447521114937
447521114941
447521114947
447521114949
447521114952
447521114953
447521114957
447521114968
447521114973
447521114982
447521114984
447521114991
447521115002
447521115007
447521115015
447521115031
447521115037
447521115044
447521115059
447521115066
447521115076
447521115080
447521115089
447521115091
447521115096
447521115102
447521115106
447521115109
447521115119
447521115122
447521115123
447521115132
447521115150
447521115162
447521115168
447521115169
447521115185
447521115193
447521115206
447521115215
447521115217
447521115218
447521115233
447521115245
447521115257
447521115281
447521115282
447521115303
447521115339
447521115341
447521115343
447521115384
447521115388
447521115442
447521115450
447521115454
447521115480
447521115491
447521115518
447521115531
447521115546
447521115564
447521115623
447521115640
447521115643
447521115644
447521115702
447521115722
447521115765
447521115953
447521115966
447521115987
447521116014
447521116035
447521116040
447521116055
447521116058
447521116061
447521116080
447521116081
447521116102
447521116178
447521116188
447521116198
447521116209
447521116220
447521116230
447521116236
447521116257
447521116279
447521116322
447521116347
447521116348
447521116353
447521116360
447521116364
447521116389
447521116394
447521116397
447521116403
447521116430
447521116449
447521116451
447521116473
447521116512
447521116523
447521116524
447521116539
447521116544
447521116547
447521116551
447521116555
447521116558
447521116562
447521116563
447521116565
447521116573
447521116598
447521116603
447521116605
447521116610
447521116613
447521116617
447521117703
447521117724
447521117727
447521117737
447521117753
447521117755
447521117780
447521117791
447521117819
447521117825
447521117831
447521117838
447521117854
447521117870
447521117872
447521117910
447521117923
447521117926
447521117928
447521117934
447521117939
447521117940
447521117941
447521117949
447521117954
447521117961
447521117964
447521117968
447521117971
447521117975
447521117981
447521117987
447521117989
447521117990
447521118001
447521118018
447521118027
447521118045
447521118048
447521118061
447521118133
447521118144
447521118148
447521118152
447521118157
447521118160
447521118164
447521118175
447521118178
447521118189
447521118190
447521118214
447521118217
447521118219
447521118232
447521118239
447521118244
447521118245
447521118248
447521118252
447521118259
447521118271
447521118277
447521118282
447521118283
447521118296
447521118300
447521118320
447521118332
447521118342
447521118352
447521118355
447521118358
447521118362
447521118390
447521118392
447521118406
447521118409
447521118415
447521118417
447521118436
447521118438
447521118440
447521118449
447521118457
447521118476
447521118477
447521118484
447521118489
447521118492
447521118512
447521118515
447521118518
447521118522
447521118534
447521118542
447521118545
447521118547
447521118560
447521118561
447521118562
447521118564
447521118577
447521118582
447521118585
447521118587
447521118588
447521118589
447521118590
447521118593
447521118604
447521118616
447521118617
447521118619
447521118621
447521118629
447521118637
447521118649
447521118655
447521118660
447521118666
447521118669
447521118694
447521118695
447521118697
447521118705
447521118709
447521118713
447521118726
447521118727
447521118734
447521118741
447521118743
447521118754
447521118782
447521118783
447521118788
447521118802
447521118805
447521118806
447521118828
447521118834
447521118836
447521118843
447521118847
447521118848
447521118853
447521118854
447521118855
447521118864
447521118868
447521118888
447521118897
447521118915
447521118917
447521118920
447521118929
447521118932
447521118935
447521118958
447521118966
447521118967
447521118992
447521118996
447521119007
447521119010
447521119015
447521119016
447521119018
447521119024
447521119035
447521119042
447521119045
447521119050
447521119059
447521119065
447521119067
447521119085
447521119091
447521119092
447521119101
447521119102
447521119113
447521119115
447521119123
447521119131
447521119138
447521119148
447521119168
447521119169
447521119189
447521119190
447521119198
447521119201
447521119206
447521119227
447521119228
447521119248
447521119252
447521119260
447521119276
447521119277
447521119297
447521119302
447521119319
447521119359
447521119369
447521119410
447521119430
447521119451
447521119468
447521119473
447521119484
447521119493
447521119591
447521119599
447521119610
447525948479
447525948697
447704732900
447704732905
447704732910
447706067113
447706431945
447706597683
447706614372
447707738117
447709363225
447709401664
447709402866
447709402872
447709402916
447709407061
447709407522
447709408495
447709418618
447709418758
447709419804
447709443995
447720328365
447725015801
447725105354
447725337848
447725338213
447725370666
447725974375
447730402097
447730464239
447730577586
447730699996
447731290894
447731290903
447731290920
447731290924
447731290938
447731290949
447738873987
447766876001
447801059978
447834317130
447836789260
447872935736
