447521102279
447521102575
447521102910
447521115026
447521124273
447521124399
447714827278
447718188945
447729000204
447729000211
447729000295
447729000555
447729000604
447729000677
447729000688
447729000887
447729000894
447729000957
447730897915
447736381284
447801007696
447801007754
447801007760
447801007796
447801427416
447801427524
447801427570
447801445574
447801445659
447801445809
447801450004
447801507728
447801508721
447801514727
447801801329
447803000016
447803000019
447803000135
447803000309
447803000314
447803000329
447803000382
