447521008820
447521008974
447521102800
447521102816
447521102886
447521124848
447521124892
447521125015
447521125035
447801007526
447801007558
447801007569
447801007908
447801007959
447801007973
447801427139
447801427253
447801427275
447801445682
447801445732
447801445811
447801445845
447801800017
447801800022
447801800049
447801800057
447801800182
447801800199
447801800254
447801800723
447801801009
447801801021
447801801034
447801801262
447801801371
447801801456
447801801458
447801801503
447801801510
447801801518
447803000647
447803000684
447803000829
447803000844
447803001064
