447521009270
447521008901
447521009635
447801800116
447521009299
447732484861
447709402050
447521004545
447521009918
447521105053
447521105059
447521103317
447521100791
447521104726
447521101403
447709362457
447521115342
447729000341
447801520721
447803000347
447521124400
447801800565
447801007938
447801007920
447709363373
447521117728
447521124247
447818401865
447803000475
447801007982
447729000393
447801427558
447521004141
447729000557
447521124784
447521124254
447801470056
447801505721
447521118188
447521100067
447521100053
447521103478
