447521000109
447739546717
447739547581
447872666049
447783131781
447542888401
447927195929
447542494821
447739546816
447564900744
447872652867
447889631431
447713954998
447762623242
447902885340
447944977535
447739487526
447711221385
447565701474
447944507467
447518627421
447814464108
447739546571
447794044369
447711576514
447845097829
447714161097
447802447117
447596393608
447751545889
447714757127
447715696277
447736229868
447743921360
447746382078
447725793219
447785297958
447740121395
447734140406
447720374984
447872671569
447771607947
447841417887
447739547982
447742312523
447837082423
447875413511
447761978080
447860875257
447547587141
447940556872
447738005059
447707027565
447925710198
447593655896
447815286332
447746433300
447521023278
447977542133
447703786435
447739546205
447706748242
447598264265
447941123197
447739547118
447912219733
447517668480
447872671214
447912075601
447885577162
447762783304
447739486722
447793056343
447595659823
447725741055
447715102143
447592701569
447981945785
447739547350
447912091266
447946340912