447801801456
447801007959
447803000684
447801801262
447801800254
447801427483
447801511729
447803000318
447803000451
447803000014
447729000413
447715769654
447801445809
447801445574
447801801329
447521124273
447801445659
447521124399
447521115026
447803000329
447801007796
447729000688
447803000314
447801514727
447801427416
447718188945
447714827278
447729000604
447801427524
447803000382
447801508721
447801450004
447729000677
447803000016
447729000204
447801427570
447803000019
447736381284
447729000211
447801507728
447729000894
447729000555
447801007754
447730897915
447729000295
447801007696
447803000309
447729000887
447803000135
447801445574
447801801329
447521124273
447521113544
447521113628
447521113689
447521114299
447521114267
447521113311
447521114304
447521005598
447521007765
447521113082
447521108712
447521108716
447521108816
447521114103
447521114163
447521114250
447521112077
447521112097
447521111789
447521111701
447521111240
447521111546
447521008406
447521008017
447521008011
447521008039
447521008523
447521008638
447521008888
447521009362
447521009535
447521008550
447801260022
447803000186
447521118514
447803000113
447521118364
447521124200
447521115341
447521124898
447521115203
447729000955
447521115193
447521124795
447521115110
447521124837
447521114878
447521124862
447521114868
447521124826
447521114822
447521124797
447521114812
447801223294
447223015271
447223015272
447223015274
447223015421
447223015437
447223015664
447223015665
447223015683
447223015685
447223015686
447521008199
447521008203
447521009259
447521009416
447521008345
447521008930
447521008171
447521008195
447521008209
447521008906
447521124334
447521107740
447521124640
447521109683
447521124733
447521111706
447521112226
447521111093